7 ,1621 ,3406,5027
15,1712 ,3490,5202
3 ,1781 ,3084,4865
12,1607 ,3155,4762
4 ,1463 ,3481,4944
1 ,1446 ,2329,3775
0 ,1642 ,3372,5014
2 ,1798 ,3187,4985
13,1670 ,3224,4894
6 ,1476 ,3153,4629
11,1592 ,3260,4852
14,4887 ,3088,7975
8 ,4398 ,3272,7670
10,1956 ,3347,5303
9 ,1804 ,2942,4746
5 ,16675,3254,19929