13,65394,575,65969
7 ,69139,643,69782
6 ,69589,616,70205
11,72897,583,73480
1 ,76405,614,77019
12,76830,631,77461
4 ,74805,646,75451
8 ,75065,631,75696
10,78208,650,78858
14,76990,572,77562
3 ,83769,678,84447
5 ,83850,590,84440
15,86443,645,87088
2 ,86959,622,87581
0 ,88456,608,89064
9 ,88799,661,89460