0  ,1510,3506,5016
1  ,1267,3273,4540
2  ,1273,3024,4297
3  ,1256,3014,4270
4  ,1258,3043,4301
5  ,1292,3044,4336
6  ,1622,2996,4618
7  ,1593,3025,4618
8  ,1612,3025,4637
9  ,1600,3024,4624
10 ,1586,3057,4643
11 ,1602,3008,4610
12 ,1648,3030,4678
13 ,1594,3008,4602
14 ,1633,2985,4618
15 ,1593,3930,5523
16 ,1626,2994,4620
17 ,1539,3034,4573
18 ,1568,3022,4590
19 ,1603,3018,4621
20 ,1570,3058,4628
21 ,1597,3025,4622
22 ,1631,3006,4637
23 ,1644,3009,4653
24 ,1640,3039,4679
25 ,1662,3240,4902
26 ,1660,3045,4705
27 ,1632,3037,4669
28 ,1646,3011,4657
29 ,1613,2991,4604
30 ,1612,2983,4595
31 ,1588,3029,4617
32 ,1649,2992,4641
33 ,1573,3034,4607
34 ,1674,3000,4674
35 ,1571,3039,4610
36 ,1607,3045,4652
37 ,1606,2997,4603
38 ,1614,2992,4606
39 ,1578,3044,4622
40 ,1608,2988,4596
41 ,1613,3003,4616
42 ,1654,2997,4651
43 ,1653,3031,4684
44 ,1599,2992,4591
45 ,1636,3012,4648
46 ,1670,2991,4661
47 ,1583,3050,4633
48 ,1657,3008,4665
49 ,1596,3003,4599
50 ,1676,2986,4662
51 ,1618,2995,4613
52 ,1683,3050,4733
53 ,1573,2998,4571
54 ,1666,3002,4668
55 ,1600,3006,4606
56 ,1684,2976,4660
57 ,1596,3028,4624
58 ,1717,3043,4760
59 ,1639,3001,4640
60 ,1686,3018,4704
61 ,1661,2996,4657
62 ,1764,3004,4768
63 ,1729,3078,4807
64 ,1711,3013,4724
65 ,1828,3079,4907
66 ,1631,2977,4608
67 ,1805,2939,4744
68 ,1687,3084,4771
69 ,1736,3050,4786
70 ,1734,3006,4740
71 ,1633,3012,4645
72 ,1746,3044,4790
73 ,1664,2993,4657
74 ,1758,3027,4785
75 ,1705,3032,4737
76 ,1820,3044,4864
77 ,1680,3069,4749
78 ,1788,3028,4816
79 ,1859,3034,4893
80 ,1921,3049,4970
81 ,1792,3067,4859
82 ,1840,3036,4876
83 ,1807,3011,4818
84 ,1951,3012,4963
85 ,1946,3036,4982
86 ,1850,3008,4858
87 ,1900,3102,5002
88 ,1795,3009,4804
89 ,1906,2992,4898
90 ,1848,3090,4938
91 ,1963,3045,5008
92 ,1868,3025,4893
93 ,1981,3115,5096
94 ,1881,4002,5883
95 ,1940,3040,4980
96 ,1781,3018,4799
97 ,1742,3013,4755
98 ,1756,3028,4784
99 ,1854,2994,4848
100,1800,3046,4846
101,1863,3027,4890
102,1721,3012,4733
103,1891,3028,4919
104,1751,3033,4784
105,1862,3028,4890
106,1840,3079,4919
107,1939,3020,4959
108,1689,3016,4705
109,1720,3008,4728
110,1906,3006,4912
111,1731,3029,4760
112,1955,3022,4977
113,1788,3027,4815
114,2003,3012,5015
115,1852,3038,4890
116,2029,3053,5082
117,1818,3009,4827
118,1978,3075,5053
119,1878,3021,4899
120,1872,3025,4897
121,1705,3072,4777
122,1949,3016,4965
123,1687,3054,4741
124,1882,2997,4879
125,1807,3018,4825
126,2038,2999,5037
127,1928,3032,4960
128,2108,3004,5112
129,2179,3029,5208
130,2010,3040,5050
131,1877,3049,4926
132,2107,3038,5145
133,1939,3038,4977
134,2035,3033,5068
135,1936,3090,5026
136,2181,3215,5396
137,2058,3024,5082
138,2218,3384,5602
139,2054,3000,5054
140,2149,3017,5166
141,1993,3032,5025
142,2263,3163,5426
143,2046,3085,5131
144,2280,3017,5297
145,1944,2992,4936
146,2138,3016,5154
147,1821,3018,4839
148,1795,3010,4805
149,2047,3079,5126
150,1897,3027,4924
151,2061,3033,5094
152,2130,3006,5136
153,1926,3013,4939
154,1874,3006,4880
155,2097,3019,5116
156,1812,3031,4843
157,1986,3028,5014
158,1812,3007,4819
159,2056,3062,5118
160,1905,3035,4940
161,2138,3047,5185
162,2191,3061,5252
163,2007,2981,4988
164,2080,3014,5094
165,1855,3008,4863
166,2155,3302,5457
167,1972,3004,4976
168,2216,2995,5211
169,1867,3025,4892
170,2144,3027,5171
171,1838,3013,4851
172,2149,3007,5156
173,1816,3012,4828
174,2099,2986,5085
175,1822,3013,4835
176,1808,2981,4789
177,2049,3017,5066
178,1903,2982,4885
179,2101,2975,5076
180,2350,2949,5299
181,2110,3020,5130
182,2138,3000,5138
183,1869,2995,4864
184,2139,2983,5122
185,1926,2992,4918
186,2121,3019,5140
187,2269,3002,5271
188,2493,3009,5502
189,2036,3183,5219
190,2216,3026,5242
191,2317,3046,5363
192,2211,3050,5261
193,2288,3014,5302
194,2201,3019,5220
195,2164,3047,5211
196,1961,3036,4997
197,2171,3021,5192
198,2353,3017,5370
199,2086,3033,5119
200,2378,3028,5406
201,2161,3051,5212
202,2182,3017,5199
203,1866,3031,4897
204,2174,3005,5179
205,1976,3045,5021
206,1983,3030,5013
207,1909,3062,4971
208,2446,3052,5498
209,2134,3044,5178
210,2311,3026,5337
211,2220,3029,5249
212,1987,3023,5010
213,2309,3037,5346
214,1962,3014,4976
215,2363,3023,5386
216,1997,3033,5030
217,2222,3029,5251
218,2544,3040,5584
219,2225,3052,5277
220,2474,3023,5497
221,2177,3033,5210
222,2428,3033,5461
223,2256,3046,5302
224,2401,3025,5426
225,1951,3046,4997
226,2492,3053,5545
227,2186,3110,5296
228,2338,3054,5392
229,2566,3049,5615
230,2372,3332,5704
231,2459,3010,5469
232,2207,3016,5223
233,2440,3057,5497
234,2485,3043,5528
235,2373,3040,5413
236,2500,3032,5532
237,2526,3055,5581
238,2450,3036,5486
239,2340,3035,5375
240,1959,3079,5038
241,2538,3032,5570
242,2009,3922,5931
243,2440,3022,5462
244,2075,3016,5091
245,2474,3050,5524
246,2420,3042,5462
247,1982,3025,5007
248,2374,3026,5400
249,1995,3049,5044
250,2086,3006,5092
251,2519,3407,5926
252,2165,2997,5162
253,2435,3034,5469
254,2108,3029,5137
255,2406,3053,5459