0 ,66365,616,66981
2 ,66357,632,66989
1 ,67451,618,68069
3 ,67910,642,68552
7 ,65334,604,65938
10,63042,576,63618
6 ,66778,603,67381
5 ,69128,635,69763
13,63715,598,64313
4 ,74857,604,75461
8 ,72493,590,73083
11,72664,670,73334
9 ,74708,646,75354
12,80833,666,81499
15,74655,637,75292
14,79839,616,80455