0  ,66799 ,574 ,67373
1  ,65469 ,568 ,66037
2  ,66174 ,627 ,66801
3  ,67752 ,612 ,68364
7  ,64219 ,611 ,64830
4  ,68185 ,654 ,68839
8  ,68360 ,617 ,68977
5  ,72405 ,620 ,73025
6  ,73925 ,561 ,74486
10 ,70049 ,660 ,70709
15 ,64743 ,588 ,65331
12 ,68327 ,626 ,68953
13 ,79733 ,584 ,80317
9  ,95635 ,649 ,96284
14 ,94046 ,580 ,94626
17 ,92409 ,615 ,93024
16 ,105499,640 ,106139
18 ,123609,595 ,124204
11 ,130512,647 ,131159
20 ,76396 ,661 ,77057
19 ,101709,656 ,102365
21 ,84350 ,604 ,84954
22 ,76446 ,652 ,77098
23 ,75552 ,640 ,76192
24 ,80003 ,627 ,80630
28 ,73349 ,662 ,74011
25 ,80849 ,893 ,81742
26 ,85052 ,634 ,85686
31 ,69903 ,610 ,70513
27 ,90152 ,669 ,90821
32 ,76082 ,707 ,76789
29 ,95260 ,636 ,95896
30 ,97837 ,620 ,98457
33 ,96770 ,615 ,97385
34 ,98692 ,661 ,99353
36 ,90686 ,630 ,91316
35 ,99974 ,656 ,100630
37 ,87442 ,612 ,88054
39 ,95547 ,662 ,96209
40 ,73550 ,638 ,74188
42 ,68852 ,621 ,69473
44 ,68834 ,657 ,69491
46 ,68144 ,624 ,68768
38 ,122920,678 ,123598
43 ,82475 ,622 ,83097
47 ,81185 ,660 ,81845
48 ,88298 ,675 ,88973
49 ,87688 ,654 ,88342
41 ,118995,687 ,119682
50 ,95646 ,660 ,96306
45 ,108541,615 ,109156
51 ,92348 ,1502,93850
52 ,75108 ,1569,76677
53 ,76576 ,651 ,77227
54 ,88113 ,628 ,88741
56 ,98630 ,586 ,99216
55 ,106452,645 ,107097
59 ,86719 ,616 ,87335
64 ,73075 ,788 ,73863
57 ,111884,606 ,112490
58 ,91114 ,650 ,91764
61 ,84829 ,660 ,85489
60 ,88865 ,602 ,89467
62 ,92999 ,602 ,93601
63 ,88989 ,645 ,89634
65 ,91238 ,606 ,91844
68 ,68209 ,641 ,68850
66 ,77470 ,693 ,78163
67 ,81077 ,655 ,81732
69 ,84776 ,661 ,85437
70 ,88462 ,624 ,89086
71 ,90942 ,657 ,91599
74 ,77219 ,673 ,77892
75 ,78054 ,665 ,78719
73 ,94164 ,632 ,94796
72 ,101639,626 ,102265
76 ,83786 ,842 ,84628
78 ,79865 ,668 ,80533
79 ,76516 ,640 ,77156
80 ,82871 ,616 ,83487
77 ,98633 ,641 ,99274
82 ,78943 ,627 ,79570
81 ,97591 ,627 ,98218
84 ,90528 ,677 ,91205
86 ,81863 ,633 ,82496
83 ,94628 ,622 ,95250
85 ,89313 ,680 ,89993
87 ,84129 ,620 ,84749
89 ,101343,641 ,101984
90 ,92198 ,659 ,92857
92 ,72355 ,652 ,73007
91 ,94069 ,662 ,94731
88 ,119128,666 ,119794
94 ,75481 ,705 ,76186
93 ,81161 ,636 ,81797
95 ,79551 ,716 ,80267
96 ,72630 ,647 ,73277
97 ,76050 ,734 ,76784
98 ,81430 ,619 ,82049
100,73257 ,648 ,73905
99 ,78341 ,644 ,78985
101,74268 ,602 ,74870
103,80703 ,665 ,81368
104,78517 ,690 ,79207
102,100387,647 ,101034
105,74798 ,684 ,75482
106,76708 ,652 ,77360
108,77329 ,625 ,77954
110,71985 ,621 ,72606
107,82945 ,652 ,83597
109,78429 ,630 ,79059
111,76444 ,675 ,77119
114,72948 ,663 ,73611
112,76956 ,744 ,77700
115,86605 ,671 ,87276
113,98870 ,661 ,99531
116,97229 ,653 ,97882
117,88921 ,700 ,89621
119,73321 ,662 ,73983
118,92335 ,664 ,92999
121,70069 ,683 ,70752
120,73089 ,612 ,73701
123,69270 ,700 ,69970
122,76854 ,690 ,77544
125,70547 ,642 ,71189
127,74083 ,694 ,74777
126,78564 ,683 ,79247
129,73747 ,705 ,74452
128,86483 ,696 ,87179
124,104996,690 ,105686
131,80401 ,683 ,81084
130,92570 ,637 ,93207
132,85959 ,633 ,86592
133,90713 ,625 ,91338
135,79874 ,644 ,80518
137,73666 ,637 ,74303
134,90056 ,674 ,90730
136,91016 ,666 ,91682
138,87647 ,476 ,88123
139,72478 ,481 ,72959
140,68415 ,467 ,68882
142,68705 ,432 ,69137
141,75633 ,466 ,76099
143,69546 ,432 ,69978
144,69579 ,504 ,70083
145,67057 ,430 ,67487
146,65884 ,452 ,66336
148,65827 ,415 ,66242
150,52420 ,411 ,52831
149,59172 ,448 ,59620
147,74165 ,466 ,74631
151,62053 ,413 ,62466
152,54874 ,408 ,55282
153,52169 ,443 ,52612
154,53524 ,427 ,53951
155,59298 ,424 ,59722
156,57876 ,434 ,58310
158,50322 ,420 ,50742
157,52881 ,396 ,53277
160,45320 ,409 ,45729
159,52114 ,436 ,52550
162,48701 ,400 ,49101
161,55652 ,440 ,56092
163,49684 ,420 ,50104
165,52847 ,452 ,53299
166,51582 ,439 ,52021
164,60698 ,1579,62277
167,50053 ,490 ,50543
170,45668 ,388 ,46056
168,56086 ,402 ,56488
171,46643 ,426 ,47069
169,64881 ,455 ,65336
172,55911 ,450 ,56361
174,51206 ,435 ,51641
173,56443 ,450 ,56893
175,54893 ,466 ,55359
178,54738 ,502 ,55240
176,59447 ,407 ,59854
177,58773 ,942 ,59715
179,60947 ,410 ,61357
181,51744 ,448 ,52192
180,61234 ,410 ,61644
182,52108 ,432 ,52540
183,60097 ,432 ,60529
186,53485 ,443 ,53928
185,58847 ,416 ,59263
187,52723 ,440 ,53163
184,69128 ,444 ,69572
188,54654 ,462 ,55116
189,55993 ,388 ,56381
190,55263 ,452 ,55715
192,51656 ,443 ,52099
193,47487 ,420 ,47907
191,56910 ,406 ,57316
194,51568 ,456 ,52024
195,49880 ,430 ,50310
196,59473 ,442 ,59915
198,54567 ,421 ,54988
197,61784 ,406 ,62190
199,56461 ,408 ,56869
200,51399 ,526 ,51925
201,51204 ,394 ,51598
203,45931 ,383 ,46314
202,55360 ,446 ,55806
204,52771 ,462 ,53233
205,52700 ,438 ,53138
206,55864 ,469 ,56333
209,49125 ,401 ,49526
207,53588 ,514 ,54102
210,49712 ,432 ,50144
208,54770 ,390 ,55160
212,44774 ,431 ,45205
211,61488 ,476 ,61964
214,51447 ,429 ,51876
213,65949 ,522 ,66471
216,52663 ,431 ,53094
217,55320 ,421 ,55741
218,53773 ,453 ,54226
215,70286 ,622 ,70908
219,54273 ,411 ,54684
220,51152 ,446 ,51598
221,54308 ,427 ,54735
223,46541 ,404 ,46945
222,52918 ,440 ,53358
227,47763 ,403 ,48166
224,69912 ,469 ,70381
225,62189 ,402 ,62591
226,64809 ,439 ,65248
228,58233 ,409 ,58642
231,45612 ,487 ,46099
230,58262 ,429 ,58691
229,64146 ,436 ,64582
234,48508 ,486 ,48994
233,54039 ,454 ,54493
232,57381 ,496 ,57877
237,48165 ,410 ,48575
238,50839 ,436 ,51275
235,66716 ,604 ,67320
236,66085 ,418 ,66503
239,56287 ,412 ,56699
240,57856 ,489 ,58345
241,52609 ,398 ,53007
242,50257 ,451 ,50708
243,66616 ,407 ,67023
244,50577 ,417 ,50994
247,48060 ,441 ,48501
248,46809 ,415 ,47224
246,52561 ,452 ,53013
245,59387 ,548 ,59935
249,53130 ,416 ,53546
250,52823 ,406 ,53229
252,47400 ,384 ,47784
251,51264 ,1045,52309
254,48513 ,351 ,48864
255,50254 ,358 ,50612
253,67806 ,651 ,68457