1 ,1709 ,3056,4765
0 ,1697 ,4662,6359
2 ,1593 ,3234,4827
3 ,1527 ,3263,4790
4 ,1495 ,3024,4519
5 ,1536 ,3138,4674
6 ,1550 ,3238,4788
7 ,1777 ,3129,4906
8 ,1576 ,3653,5229
9 ,1538 ,3028,4566
10,1900 ,3331,5231
11,5183 ,3131,8314
14,3012 ,3076,6088
13,1763 ,3327,5090
12,4508 ,3090,7598
15,11682,3034,14716